
417	416	418	415	415	415	416	420	480	566	591	586	592	588	583	574	569	563	559	552	545	541	535	535	537	526	526	524	516	512	510	502	501	498	494	493	485	483	481	476	476	474	468	465	465	460	460	460	457	457	454	452	452	449	446	447	443	441	
414	414	413	413	414	413	415	430	555	694	697	692	704	694	694	680	669	669	663	658	648	638	629	621	619	611	605	597	588	580	574	567	566	557	553	547	543	543	536	530	528	523	518	519	516	513	509	507	502	500	498	498	497	493	487	482	483	477	475	472	470	468	462	461	462	457	454	453	455	451	452	454	451	448	447	
420	420	417	414	418	415	418	425	476	524	532	536	537	535	538	529	523	519	517	512	510	503	502	498	494	489	487	484	488	485	474	479	474	470	468	469	465	462	459	461	456	454	454	454	454	448	448	445	445	445	
416	417	419	418	417	417	421	430	736	1407	1637	1579	1593	1577	1554	1519	1484	1450	1411	1375	1335	1300	1262	1229	1192	1159	1132	1104	1078	1045	1019	993	962	940	924	906	886	860	842	826	812	792	776	762	742	729	721	701	691	681	666	654	641	631	625	614	606	599	591	585	578	570	564	557	550	547	538	532	535	527	521	514	512	510	504	499	495	492	486	482	481	476	473	468	470	469	467	465	461	453	455	452	450	449	446	445	445	444	444	
410	414	418	412	414	413	415	426	566	814	882	855	861	851	841	828	810	791	781	768	755	738	729	714	698	686	679	674	663	652	640	629	625	620	608	601	593	584	581	570	562	552	547	544	535	530	527	517	517	515	507	502	501	494	491	486	486	486	479	478	477	474	473	467	469	466	459	458	454	452	453	453	449	451	445	445	445	445	
414	417	411	412	414	414	413	414	468	888	1408	1483	1457	1472	1446	1436	1399	1363	1332	1291	1254	1224	1187	1160	1127	1097	1069	1042	1021	995	973	951	932	910	890	873	853	840	826	809	794	776	763	753	735	720	706	693	681	668	657	646	635	624	618	610	601	592	584	576	573	568	560	555	548	540	533	530	522	521	517	510	511	503	500	499	491	491	488	482	479	478	473	472	471	464	462	463	461	458	457	452	453	448	447	444	443	444	441	440	
415	415	414	415	412	414	417	451	664	852	840	832	835	827	825	811	795	783	767	756	745	728	717	706	696	684	670	665	656	642	636	625	615	607	595	592	583	579	576	564	556	552	544	539	536	530	528	524	519	513	508	504	503	502	491	489	483	485	483	477	481	478	476	473	469	468	466	461	461	458	452	452	453	450	448	447	451	449	443	443	
418	414	422	418	416	420	415	419	466	584	639	622	618	613	606	601	597	591	586	578	568	564	559	553	550	543	537	536	529	524	517	514	511	507	503	501	496	491	487	485	480	481	479	471	470	469	467	467	465	462	460	455	458	455	450	450	448	448	445	445	447	
419	421	418	417	416	417	423	455	477	476	479	480	472	473	472	467	471	467	460	461	458	455	455	452	452	453	447	446	445	442	444	
411	408	413	414	413	419	414	415	463	650	791	786	779	783	769	757	746	737	731	725	719	711	696	685	677	662	652	643	632	624	614	606	595	586	583	576	566	560	551	549	540	534	526	523	518	513	505	507	501	496	499	490	488	488	480	478	481	473	472	468	464	466	465	459	456	454	453	450	447	447	449	445	445	442	
413	413	411	410	412	413	422	454	478	482	483	484	480	478	474	472	471	470	466	464	461	459	457	455	453	451	452	450	446	447	444	444	
413	411	411	412	412	413	412	439	766	1311	1422	1394	1426	1412	1398	1374	1348	1316	1275	1245	1210	1173	1147	1120	1095	1069	1044	1018	992	965	948	925	907	890	874	857	837	816	797	781	767	753	735	720	708	698	690	682	669	655	646	635	625	618	603	596	585	578	574	564	555	552	543	538	536	526	523	517	511	510	507	502	503	496	491	488	490	483	478	478	473	472	469	464	464	458	460	461	457	456	455	452	451	448	445	445	445	446	
411	413	416	414	417	417	418	444	477	485	483	480	480	477	477	475	471	469	466	465	462	457	459	457	453	453	450	449	447	442	444	442	445	
411	418	417	422	426	437	441	453	460	454	455	450	452	451	448	448	447	444	444	
417	414	415	414	416	416	425	456	474	471	470	469	464	464	462	457	458	458	455	453	450	449	448	448	449	
421	420	416	416	417	413	416	431	472	494	495	496	492	486	485	481	479	478	473	472	470	469	465	462	463	462	457	453	457	456	457	457	450	447	450	449	
416	415	414	415	414	417	414	418	558	941	1119	1079	1092	1091	1068	1053	1035	1010	985	967	947	921	897	877	858	849	831	813	796	785	770	757	742	728	713	699	686	672	662	659	658	646	634	627	621	604	601	593	587	579	568	569	558	547	547	539	528	528	523	525	522	516	517	509	500	496	494	493	488	482	480	479	476	474	470	467	467	461	463	457	457	454	453	451	450	448	446	447	446	
416	419	416	414	419	416	417	419	467	705	888	875	871	875	862	865	838	826	813	794	780	766	752	743	730	720	714	701	690	676	667	655	646	635	626	617	606	598	594	590	581	576	565	561	552	545	543	534	528	529	521	514	513	504	502	497	494	489	485	480	482	478	473	478	472	468	468	466	463	461	457	458	457	457	456	451	450	448	446	449	
417	417	415	414	419	417	415	422	478	533	530	527	529	524	522	518	511	510	505	502	500	494	492	490	484	483	484	477	478	475	473	470	466	465	461	462	456	458	453	455	453	449	452	449	445	444	
415	416	420	412	416	416	413	442	628	883	911	894	909	906	897	888	868	857	845	818	807	794	781	774	759	744	731	718	707	698	686	678	668	654	643	638	627	616	610	600	594	585	574	571	562	555	553	543	537	536	527	521	518	512	510	504	499	496	492	486	485	484	480	477	470	468	467	465	465	461	457	456	453	453	451	449	448	446	445	446	
416	415	416	417	418	417	433	453	459	457	454	456	453	453	457	448	448	448	445	
415	411	416	414	410	415	415	428	486	519	507	511	517	514	511	504	503	496	495	492	486	484	480	477	477	473	469	468	471	464	462	464	461	462	456	458	457	452	455	450	449	448	448	445	
413	416	416	413	414	414	411	434	532	632	637	624	621	613	613	605	598	596	591	584	574	569	559	556	552	546	538	537	529	526	522	515	510	510	506	501	500	495	490	491	484	481	479	474	475	472	469	469	468	461	463	456	457	456	450	448	452	448	449	447	444	
415	414	417	418	415	412	418	456	501	501	497	501	499	497	489	486	492	489	487	484	478	477	473	468	468	464	462	464	461	456	460	460	463	461	461	461	456	457	457	450	450	451	447	447	446	444	
417	415	415	417	417	418	414	428	623	1065	1240	1215	1230	1216	1199	1180	1156	1138	1114	1087	1057	1028	1005	984	963	948	936	915	891	865	848	833	814	792	775	756	744	733	718	704	692	680	670	658	649	641	629	620	612	601	596	584	574	570	561	554	549	544	542	536	527	526	519	514	510	507	505	499	496	492	485	482	482	477	474	471	468	465	464	462	457	454	456	455	451	451	447	444	446	445	
415	416	418	412	414	417	412	427	459	474	485	486	484	482	482	477	475	472	470	468	467	460	457	456	457	457	453	450	449	449	452	446	
415	414	416	414	412	417	411	419	509	709	797	776	778	782	776	763	753	740	728	715	707	694	682	670	660	647	637	629	618	609	602	591	588	579	569	562	557	546	545	539	535	532	531	528	522	515	512	512	501	501	497	491	489	485	480	481	473	468	469	472	472	466	463	463	462	456	453	456	453	449	449	446	448	446	443	
414	414	413	413	414	413	413	421	502	598	611	610	619	622	616	605	602	595	583	580	568	564	557	552	544	534	535	530	523	520	515	508	504	498	497	491	484	484	480	477	478	476	476	473	472	468	461	460	460	457	455	455	456	453	452	452	452	454	451	
421	422	417	419	415	414	414	416	466	998	1880	2110	2060	2075	2036	2014	1982	1936	1882	1821	1771	1725	1677	1626	1579	1531	1489	1439	1393	1350	1312	1276	1244	1202	1168	1137	1105	1077	1048	1023	991	970	945	921	900	885	862	845	829	814	797	782	765	758	742	728	719	700	688	674	662	655	641	632	625	610	602	595	587	581	573	564	559	549	545	536	537	532	524	516	516	511	505	503	496	494	490	486	484	480	475	473	471	464	464	465	455	457	454	453	454	449	448	445	442	445	
417	415	416	417	416	416	418	425	499	601	615	602	601	596	594	589	580	576	571	559	558	553	546	540	535	526	525	517	517	513	505	503	501	494	492	489	483	485	482	473	472	471	465	466	465	461	458	456	455	454	450	449	449	446	446	442	442	
414	416	417	412	417	414	411	435	692	1135	1260	1231	1241	1225	1213	1196	1166	1133	1106	1074	1048	1024	998	980	960	936	918	900	887	874	854	837	817	801	789	770	755	738	725	713	698	688	676	660	654	643	628	622	612	602	598	594	587	579	574	567	560	550	544	537	534	528	524	519	514	506	506	500	497	488	488	490	479	478	475	470	470	470	464	465	460	460	461	457	455	451	450	452	449	449	447	444	442	
418	417	416	415	418	419	418	419	478	719	878	856	861	858	846	853	836	818	805	789	777	758	742	733	721	711	699	685	674	665	655	643	635	623	613	606	606	600	588	578	577	568	562	556	550	546	541	537	530	524	516	518	512	507	503	497	496	495	489	481	485	481	476	474	467	469	465	461	463	459	456	457	453	451	447	444	449	446	445	443	
414	413	413	415	413	414	412	428	484	531	536	534	537	535	533	531	523	519	518	512	507	505	497	495	492	491	492	484	482	480	477	476	475	472	469	466	465	461	458	458	454	451	450	453	449	448	447	446	448	448	
417	417	416	413	415	417	419	426	459	501	505	496	496	493	492	493	493	493	495	489	484	480	473	472	468	468	468	464	462	458	457	456	458	456	452	448	444	446	443	445	
419	416	419	420	416	416	416	447	694	1000	1035	1017	1025	1029	1027	1013	998	979	960	945	920	897	884	862	844	829	805	791	774	756	743	728	715	701	685	678	667	661	647	639	626	619	613	602	596	589	582	576	573	565	559	554	546	545	537	533	528	516	518	512	510	505	501	496	493	492	489	488	481	479	483	478	475	472	473	472	472	467	464	464	461	461	458	455	453	453	451	447	444	445	443	442	444	
418	414	412	412	415	415	416	429	625	1054	1217	1167	1159	1141	1116	1102	1082	1057	1034	1012	988	964	948	932	909	889	871	854	841	822	805	787	772	757	747	733	725	708	700	693	680	668	654	644	637	625	610	605	597	590	585	575	569	562	553	549	546	539	537	527	522	519	513	513	507	502	494	491	489	486	484	481	476	476	470	468	465	464	462	461	454	453	455	452	448	447	449	447	448	449	
416	417	414	417	414	416	415	428	667	1310	1618	1568	1583	1582	1560	1528	1486	1449	1408	1375	1341	1302	1273	1238	1210	1178	1147	1115	1085	1061	1034	1007	985	963	947	921	897	874	854	836	826	810	795	782	766	754	737	725	710	703	691	681	672	657	647	636	625	618	604	597	591	582	579	577	574	574	565	557	549	545	544	541	540	539	536	530	523	518	515	508	511	507	503	499	496	489	481	482	478	482	487	481	479	477	473	472	471	469	468	463	461	458	457	457	454	452	450	448	449	445	445	449	
415	418	418	415	417	413	415	437	469	483	482	481	484	482	482	477	474	473	472	469	472	471	472	469	470	475	469	470	469	466	467	466	460	464	461	457	455	453	451	448	446	444	446	444	441	
414	412	413	412	416	417	414	435	556	699	710	697	698	692	684	676	669	658	651	641	626	619	609	600	598	587	584	580	568	565	563	550	544	545	535	528	527	527	524	518	511	510	505	498	497	492	492	488	484	479	480	476	473	470	464	467	464	461	459	455	452	452	449	448	447	443	444	442	441	
413	413	413	414	414	410	413	427	576	829	882	860	866	857	862	855	836	826	805	793	783	775	762	748	741	729	709	702	690	675	664	651	644	637	621	612	607	594	587	580	571	567	563	559	548	544	537	531	529	523	516	512	505	505	503	496	489	488	486	483	479	475	472	468	466	463	464	461	461	458	459	454	451	448	449	448	445	441	442	441	438	
411	413	413	414	415	416	416	420	660	1566	2164	2076	2074	2065	2003	1972	1916	1857	1802	1749	1702	1646	1593	1544	1496	1450	1405	1371	1336	1300	1264	1229	1194	1162	1126	1096	1066	1037	1010	983	958	932	914	902	881	863	844	826	804	786	773	756	739	728	711	700	686	677	663	652	639	627	623	610	601	599	589	581	575	564	559	555	546	542	534	526	522	516	511	511	503	501	493	493	486	480	478	477	473	472	466	465	464	459	461	456	450	452	453	454	453	449	449	442	446	
412	416	415	414	416	416	414	420	601	1360	1900	1849	1836	1838	1800	1775	1724	1668	1624	1576	1532	1490	1439	1398	1357	1313	1276	1241	1211	1182	1152	1123	1090	1059	1037	1007	983	962	939	915	896	875	856	838	826	812	789	774	760	744	738	723	708	697	684	675	663	656	650	641	633	621	609	598	593	584	575	571	564	552	549	545	538	534	527	525	520	517	510	506	499	495	496	488	484	481	482	477	473	471	468	463	461	461	458	456	450	454	449	448	443	441	442	443	438	
413	416	421	420	416	416	413	417	538	1411	2475	2557	2476	2501	2420	2373	2311	2237	2178	2111	2046	1982	1917	1859	1796	1737	1684	1631	1576	1524	1476	1427	1389	1351	1315	1288	1252	1217	1185	1148	1116	1085	1058	1031	1003	978	950	929	906	885	864	842	824	803	789	771	756	743	729	713	699	684	673	661	651	638	630	622	612	601	595	584	579	571	561	557	551	541	537	531	528	524	515	515	511	500	500	501	493	490	490	482	479	475	474	473	468	469	468	465	462	456	456	456	453	454	452	449	447	446	446	
415	417	412	410	414	417	410	421	781	2259	3316	3206	3187	3184	3080	3024	2946	2856	2781	2705	2611	2531	2441	2362	2288	2222	2154	2081	2006	1943	1885	1820	1765	1711	1651	1599	1546	1498	1453	1418	1381	1341	1300	1265	1220	1183	1155	1124	1097	1064	1038	1016	987	960	938	918	894	876	856	833	815	800	782	765	747	731	717	702	690	678	666	660	646	634	628	614	605	599	591	583	574	565	560	555	544	548	553	543	537	533	524	520	513	509	505	508	508	499	496	493	486	484	481	476	475	469	466	467	463	457	453	456	452	450	449	447	443	442	438	
415	410	413	413	414	415	414	419	660	1608	2271	2201	2190	2190	2125	2096	2037	1968	1921	1872	1815	1771	1720	1663	1617	1565	1518	1478	1441	1407	1362	1321	1283	1247	1217	1182	1151	1123	1092	1067	1038	1013	989	968	947	928	913	890	866	850	830	817	799	786	770	753	740	726	709	705	695	685	672	664	653	644	637	627	620	622	609	605	597	585	577	568	560	555	547	544	541	537	534	529	523	517	512	508	504	502	496	493	487	484	483	478	475	474	470	467	469	471	466	467	460	459	460	451	455	454	450	450	450	448	444	444	441	
418	418	418	416	415	415	414	436	489	517	517	517	513	508	507	501	503	495	495	489	485	480	481	483	481	480	472	471	466	466	462	460	457	456	457	457	457	456	455	454	452	448	
415	414	413	415	417	417	412	417	483	660	737	706	708	700	688	679	669	660	648	640	630	621	610	604	597	585	578	577	570	559	557	553	544	538	531	529	525	517	512	509	503	502	496	492	492	486	481	484	477	473	477	472	471	470	465	467	460	456	457	453	456	449	450	452	450	448	449	
409	412	418	412	413	416	413	416	495	699	777	758	766	757	753	743	729	720	710	694	684	674	662	653	640	630	619	614	608	599	590	587	579	573	570	562	557	544	543	535	528	527	523	516	512	508	501	498	494	492	487	484	483	480	477	476	476	471	470	466	464	461	458	457	456	454	452	449	446	448	448	447	446	
416	416	413	416	416	414	417	438	584	757	771	780	788	773	772	770	761	751	739	729	720	711	705	689	678	667	655	645	639	629	620	608	602	595	585	577	572	564	558	555	545	537	532	527	523	518	516	509	503	500	496	497	488	487	483	478	477	475	469	471	469	466	465	467	463	464	460	454	454	452	451	450	449	446	447	447	442	
418	418	417	418	418	413	420	423	484	573	579	568	575	570	562	561	557	555	550	545	541	535	530	522	517	516	510	508	503	496	494	489	485	486	480	477	477	474	472	467	464	465	464	456	455	455	454	453	450	449	448	448	448	
413	415	413	417	416	420	427	447	462	458	455	459	456	453	453	452	453	455	453	454	454	453	
414	414	417	414	412	414	414	417	532	847	1003	965	973	976	959	942	923	907	888	871	854	840	825	809	793	781	762	751	739	723	708	695	678	669	660	648	637	627	615	609	600	597	590	582	574	565	558	551	545	540	535	533	531	526	522	516	511	506	502	495	491	490	487	483	481	479	480	480	477	476	472	473	473	467	469	465	461	458	457	455	454	451	448	448	444	445	442	444	
417	412	413	417	414	417	412	429	477	504	500	500	505	501	499	493	492	491	488	484	482	482	478	475	474	469	467	466	462	459	462	464	460	456	452	455	450	449	450	452	454	446	450	
421	424	421	417	417	414	412	419	485	648	711	693	697	694	686	678	667	656	646	638	628	621	610	602	603	590	586	577	574	566	563	559	547	543	536	530	527	522	518	512	509	502	500	495	493	489	487	482	482	477	477	470	468	470	470	469	464	462	464	458	459	455	452	449	450	449	446	445	446	443	442	
422	419	423	431	451	457	455	457	459	465	467	460	461	466	460	459	457	454	453	452	451	453	449	448	444	444	
415	416	417	417	417	413	414	431	559	697	716	716	716	708	710	697	689	685	669	665	666	654	642	634	625	617	609	598	597	587	582	573	561	561	556	546	542	537	530	528	521	520	512	510	509	504	500	497	493	488	485	480	480	478	474	473	472	465	463	461	462	456	458	456	450	448	446	445	445	445	439	
414	414	416	419	415	413	413	447	703	1019	1039	1003	1013	991	983	967	947	930	912	892	866	857	842	824	807	789	773	757	740	728	721	704	698	684	672	667	651	642	637	628	618	610	600	594	587	574	572	563	556	555	543	535	532	528	521	514	511	508	506	498	495	495	489	482	485	478	474	473	471	469	464	462	465	465	460	458	457	453	455	448	449	445	443	446	442	441	
413	413	414	417	413	411	409	417	473	585	624	615	617	613	603	603	596	587	581	573	566	561	552	549	541	533	532	529	522	515	511	509	504	499	493	489	490	484	482	479	474	472	472	471	471	468	462	465	463	460	463	459	457	453	451	450	449	446	445	448	446	439	
417	415	417	414	414	417	413	429	512	589	576	568	570	567	567	560	551	544	541	535	530	522	520	516	512	510	502	499	494	490	490	487	482	481	478	475	474	472	466	466	462	461	461	456	457	456	452	452	446	448	448	445	447	
418	416	417	417	415	418	416	419	506	739	851	838	853	850	830	823	808	793	779	761	746	738	732	723	707	694	682	667	661	650	640	629	624	615	608	597	590	581	575	565	558	554	546	539	532	529	523	519	515	513	508	508	506	504	508	503	494	493	488	487	483	483	481	479	476	475	471	468	462	461	460	456	455	455	453	454	450	450	449	449	446	
418	418	417	421	418	416	418	458	579	626	601	601	602	594	589	579	573	566	562	563	559	550	546	538	534	528	523	522	515	510	502	500	499	494	490	489	482	482	476	476	474	471	467	464	460	461	460	457	456	451	452	451	447	442	444	444	442	
413	414	415	418	412	413	413	433	475	491	491	492	491	492	493	485	485	481	476	473	473	473	469	466	465	461	461	459	457	454	452	451	448	449	447	445	442	444	
414	412	409	407	408	407	410	418	476	715	901	885	881	887	876	866	849	829	816	801	789	772	760	745	728	711	698	685	677	669	658	649	639	626	618	609	599	591	586	581	574	572	564	556	555	545	538	533	524	521	517	515	507	505	499	491	489	487	483	480	479	477	472	471	469	466	464	458	458	452	454	453	452	451	449	451	447	447	445	
417	415	413	415	414	414	415	418	485	742	931	918	921	922	901	902	888	869	856	837	826	812	793	781	767	753	744	731	728	721	704	697	681	670	661	653	639	627	619	610	604	601	590	581	577	567	564	553	548	545	537	531	526	521	518	517	508	507	506	503	497	497	493	489	485	481	477	473	472	471	472	469	466	466	462	457	456	456	453	453	453	452	444	446	445	
417	414	414	418	413	412	420	447	461	457	454	455	455	451	451	450	450	451	449	
417	417	417	415	413	415	417	418	485	628	682	677	689	676	671	663	652	648	640	632	626	621	612	602	598	588	579	577	566	560	557	550	545	538	537	534	527	526	519	514	513	506	502	497	498	498	497	493	490	485	481	485	478	475	474	470	469	467	462	460	458	461	457	450	453	457	453	453	452	449	446	445	
412	415	415	415	414	416	418	419	558	1498	2547	2586	2504	2550	2486	2441	2383	2320	2261	2197	2141	2076	2016	1956	1892	1839	1785	1732	1679	1626	1572	1521	1478	1430	1387	1345	1304	1270	1238	1209	1176	1139	1114	1088	1062	1037	1013	984	961	935	912	891	872	854	833	810	799	778	761	744	732	722	704	693	677	665	651	646	633	621	611	602	598	593	587	578	567	562	554	549	543	540	537	532	523	519	515	511	509	507	502	497	495	490	486	484	480	477	471	472	469	471	465	462	463	469	466	462	462	458	452	451	449	448	446	444	440	440	440	437	
418	417	415	414	414	413	417	421	463	524	554	553	551	549	544	538	537	533	526	528	522	518	514	509	508	505	499	498	491	487	484	482	476	475	475	470	468	465	468	463	461	461	459	454	451	450	452	449	449	449	442	441	443	
413	414	415	411	413	413	411	429	479	531	534	530	532	529	525	520	518	513	511	506	501	496	492	493	486	482	483	477	476	474	472	467	466	461	461	459	456	454	455	453	449	448	448	453	448	449	
417	410	412	412	411	418	420	444	463	463	470	468	463	466	460	457	458	456	452	450	449	449	444	445	445	
415	415	412	412	419	438	458	457	459	457	455	456	449	452	451	448	448	443	442	
413	414	413	415	413	415	414	431	494	533	527	523	518	513	515	509	506	505	501	497	491	489	489	487	488	482	478	478	475	477	474	469	469	466	464	462	464	456	457	458	453	451	446	445	447	440	442	
413	414	414	416	412	415	416	417	479	598	626	613	613	611	606	602	595	592	584	578	572	566	561	553	546	542	538	532	527	520	514	509	511	500	498	492	491	488	484	480	478	475	469	470	468	465	464	462	458	456	454	453	455	452	448	446	442	448	440	
414	414	412	412	414	414	413	443	541	602	597	595	592	584	587	583	574	573	565	557	551	548	544	540	535	531	527	519	516	508	506	500	497	493	487	486	483	479	477	473	473	468	464	470	461	460	460	458	454	454	452	450	446	449	450	452	449	454	
415	415	410	416	414	415	418	416	475	773	1038	1017	1002	1016	995	983	970	946	921	902	882	868	852	829	813	796	783	770	752	736	722	711	700	683	674	662	649	638	624	617	609	597	594	587	578	571	566	559	553	542	537	531	524	522	516	513	511	504	501	496	490	491	485	483	481	477	474	474	474	470	468	465	462	460	457	458	455	456	449	449	447	446	448	449	
417	417	416	419	417	415	417	442	572	686	685	692	696	690	696	687	676	666	661	659	653	648	640	627	620	613	603	595	588	579	573	567	560	558	546	542	539	530	526	520	515	510	506	503	501	494	492	488	483	481	478	474	474	472	467	460	459	456	460	459	455	452	452	452	453	448	447	450	446	448	
415	414	415	416	416	416	414	425	560	942	1120	1092	1097	1084	1064	1046	1020	1007	979	960	943	917	900	877	857	845	822	808	789	774	761	749	735	720	709	695	683	672	661	656	648	637	628	617	609	602	594	587	581	574	566	562	550	548	543	534	533	526	516	510	509	509	508	507	506	505	496	490	485	477	477	477	476	473	471	465	464	465	461	462	455	451	448	449	451	449	449	447	446	442	
410	412	411	413	411	412	413	455	771	1164	1216	1192	1199	1184	1174	1154	1123	1105	1085	1061	1034	1013	995	967	945	927	905	884	866	845	830	810	792	780	765	749	733	720	705	692	678	665	659	642	641	633	625	618	605	598	594	581	577	566	560	551	546	542	536	533	524	520	514	512	513	515	509	505	501	496	493	491	486	482	479	475	471	469	467	464	461	459	459	455	455	452	448	448	448	447	443	443	441	
416	418	414	414	421	417	415	436	697	1193	1344	1295	1301	1285	1262	1234	1201	1176	1151	1118	1092	1063	1036	1011	987	969	948	927	911	886	868	851	829	812	794	776	760	749	736	723	707	696	688	677	667	657	647	639	635	626	615	608	600	590	582	576	568	559	553	549	542	535	531	526	521	512	509	507	504	498	499	500	497	493	490	486	486	484	482	481	479	477	471	467	464	464	463	459	456	452	452	453	450	449	448	446	445	445	
416	416	414	413	416	416	415	417	576	1165	1562	1532	1528	1515	1480	1455	1419	1392	1353	1315	1281	1246	1215	1190	1157	1128	1100	1070	1045	1021	995	973	955	927	905	884	864	845	822	804	787	769	753	745	731	714	703	688	677	668	653	648	637	623	617	603	594	592	581	573	561	557	550	544	537	533	526	522	517	513	510	503	496	493	489	486	487	485	483	476	474	474	469	468	465	462	460	459	454	453	453	449	448	447	444	441	436	439	
417	414	418	415	417	413	412	420	467	507	510	513	514	510	505	501	500	498	493	490	488	481	481	481	475	472	471	467	467	465	462	459	457	456	454	449	448	448	449	447	443	445	
413	415	409	412	413	414	414	429	730	1409	1642	1574	1605	1589	1560	1535	1486	1447	1413	1377	1341	1302	1269	1233	1201	1169	1139	1113	1082	1049	1025	998	980	960	934	908	886	864	853	833	821	801	786	769	756	741	726	713	702	690	674	665	653	640	630	620	613	606	595	588	581	570	562	559	550	544	538	533	525	517	515	516	511	508	505	502	500	494	493	488	484	482	478	474	470	468	465	462	460	456	455	453	451	450	448	447	442	444	440	
415	416	414	410	414	412	414	419	505	691	761	755	768	757	752	747	732	721	708	698	690	681	668	659	649	642	639	630	622	617	609	604	594	584	579	570	562	557	549	548	545	537	532	530	523	517	514	506	504	500	498	494	490	487	484	476	479	475	471	468	463	466	463	458	456	457	453	453	450	448	447	447	442	440	
414	415	410	414	413	410	416	447	493	508	499	494	495	493	487	488	484	484	480	474	472	468	469	465	463	462	457	455	459	459	456	460	456	453	453	451	448	449	446	445	446	442	
415	412	413	413	412	414	414	432	494	531	525	525	519	520	520	518	512	509	508	507	500	497	496	493	490	487	484	484	474	473	475	469	470	466	460	461	457	457	458	451	453	450	445	447	446	446	
418	418	417	415	417	414	414	417	509	935	1297	1290	1273	1281	1254	1236	1207	1177	1152	1127	1093	1072	1051	1027	997	974	948	928	906	886	865	847	829	810	797	776	758	743	730	718	705	689	680	667	661	648	636	628	621	612	605	601	591	584	573	566	560	550	548	538	536	527	529	528	524	517	515	508	503	504	499	495	492	486	483	476	475	476	471	467	465	466	462	459	452	453	452	448	449	449	452	448	443	448	
417	420	415	415	416	415	416	428	592	901	978	949	961	953	940	922	896	883	862	849	832	813	799	783	767	754	742	723	715	705	693	678	665	656	646	636	628	621	610	599	594	588	578	574	568	560	556	547	543	538	534	527	521	516	511	504	500	499	495	490	488	485	484	482	475	473	471	469	466	463	462	460	459	458	458	454	456	452	449	448	446	444	446	442	444	
413	414	416	414	415	415	413	427	489	554	557	550	552	549	545	542	533	531	525	519	515	512	512	506	504	502	500	495	490	487	488	484	488	483	478	477	473	472	469	468	462	463	462	458	453	456	454	455	449	448	449	444	446	446	
415	417	415	415	415	414	414	417	475	1158	2302	2558	2437	2455	2399	2341	2291	2228	2162	2094	2033	1968	1903	1847	1791	1740	1692	1644	1590	1538	1494	1452	1411	1376	1334	1296	1262	1228	1198	1169	1135	1106	1081	1053	1024	1000	973	948	922	901	877	857	836	814	797	786	770	753	735	722	706	695	686	671	661	650	643	635	623	618	609	603	599	595	588	577	572	566	562	560	552	546	541	539	532	527	526	521	517	512	510	507	500	495	497	493	488	483	481	481	472	472	469	464	466	463	456	456	451	449	449	448	448	447	442	438	
414	416	414	413	414	416	416	433	472	492	485	486	489	485	483	482	479	479	475	473	470	471	463	465	463	461	457	457	454	453	448	447	447	448	448	445	
412	415	414	412	415	414	428	455	467	464	465	465	466	471	469	462	464	460	457	460	454	455	454	450	448	447	445	447	449	442	
414	414	412	415	414	415	417	414	464	768	1096	1122	1113	1122	1110	1103	1075	1046	1023	998	976	956	941	918	893	873	858	839	819	804	789	772	756	738	726	712	700	685	671	658	651	640	627	617	610	604	593	586	577	571	565	554	546	544	537	532	525	519	516	513	508	501	500	496	492	489	484	485	482	480	478	472	473	470	465	465	465	459	458	457	452	448	447	448	448	449	449	450	449	
412	413	415	415	415	413	414	446	551	619	611	619	620	611	609	604	600	595	589	582	580	574	565	559	551	545	541	539	531	526	525	523	515	513	508	501	500	497	494	491	487	482	478	478	473	471	467	461	462	463	457	454	456	453	450	448	446	445	446	442	
417	413	416	413	414	414	413	444	589	711	702	697	693	686	681	672	664	656	645	635	626	616	608	598	594	589	578	576	567	557	551	544	538	537	530	523	520	515	510	505	501	499	495	492	492	482	481	481	472	473	467	466	466	462	462	460	460	457	454	453	450	450	447	447	444	443	443	
414	415	415	419	413	416	419	449	552	617	618	615	613	608	600	594	589	588	582	577	570	563	556	548	544	540	532	529	524	518	514	510	501	505	500	492	491	484	479	477	475	475	473	468	469	462	461	460	456	456	456	450	453	453	445	445	443	442	
419	418	418	417	415	414	418	434	541	640	636	624	626	618	613	605	596	594	590	581	574	565	559	553	550	544	539	534	530	524	519	516	511	503	501	498	495	488	486	483	477	475	474	473	469	466	465	460	461	458	457	457	454	451	452	448	447	449	445	444	
415	411	410	415	414	412	414	414	539	1016	1334	1293	1281	1286	1261	1243	1215	1187	1167	1147	1127	1098	1071	1049	1025	998	975	948	922	901	880	861	843	825	807	793	779	765	746	732	721	709	694	682	674	665	651	640	631	619	610	602	594	585	577	572	564	556	552	541	535	532	529	521	515	512	507	503	503	497	492	486	481	480	480	476	472	468	467	463	462	462	457	457	454	456	454	450	449	451	452	450	
414	411	414	413	413	414	434	455	461	458	460	460	460	456	454	452	454	453	452	447	448	448	446	
413	414	414	416	409	413	414	413	497	868	1161	1152	1156	1164	1152	1142	1128	1108	1085	1062	1032	1007	982	966	945	920	903	884	864	843	824	807	792	775	759	740	728	714	700	689	679	668	663	650	641	630	619	608	602	597	584	579	570	563	562	556	547	541	537	531	527	522	517	517	508	506	502	497	492	489	488	483	482	476	476	470	469	471	465	467	465	456	459	458	452	456	455	451	453	452	451	448	442	442	
414	414	417	413	415	417	413	415	491	800	1043	1039	1037	1037	1014	999	982	964	946	925	904	887	873	859	841	819	802	790	768	754	742	724	712	704	689	679	668	656	645	634	625	617	605	602	597	583	576	571	562	556	549	542	539	533	529	527	521	520	512	505	507	504	499	498	493	488	484	483	483	482	474	476	473	468	468	465	462	460	459	457	454	449	447	446	447	443	444	438	439	
411	410	412	415	414	413	412	416	653	1491	1992	1914	1908	1894	1844	1802	1754	1703	1653	1606	1565	1523	1477	1434	1402	1367	1326	1289	1250	1212	1179	1148	1112	1082	1054	1024	997	974	949	930	905	880	862	842	828	809	796	777	760	748	729	718	705	691	677	665	652	645	640	624	616	608	599	589	582	577	569	557	553	548	539	536	532	525	516	511	509	503	498	497	491	491	485	476	475	473	469	468	466	461	457	453	455	450	451	450	445	442	440	440	
418	416	417	415	414	417	417	428	641	1125	1324	1284	1293	1269	1236	1218	1192	1164	1133	1105	1077	1051	1028	998	975	951	925	903	884	862	850	826	807	792	774	759	744	729	718	705	694	683	673	662	653	647	634	625	621	613	607	602	594	585	578	568	563	558	550	545	537	531	526	524	522	519	513	511	500	497	494	494	490	489	487	485	480	480	479	477	469	470	467	462	464	461	459	457	453	449	454	454	454	447	444	448	444	
416	416	415	415	417	417	417	444	535	594	598	596	597	605	604	596	588	583	577	572	563	554	546	542	539	533	529	524	520	518	514	508	508	504	502	499	495	493	488	486	482	483	478	475	473	469	465	464	461	461	459	457	450	454	449	451	449	448	449	445	441	
413	411	413	414	414	414	415	427	480	513	509	505	506	502	496	494	490	489	484	481	478	475	473	472	465	465	462	458	460	457	455	452	452	450	448	445	447	444	445	
418	413	417	415	417	419	415	419	516	1145	1821	1856	1820	1834	1785	1756	1715	1665	1622	1579	1534	1496	1455	1412	1368	1326	1294	1259	1215	1184	1153	1123	1096	1066	1042	1016	987	963	939	913	894	873	855	840	822	805	787	769	752	736	725	710	697	686	672	665	656	643	637	622	614	606	597	589	580	574	565	555	552	546	537	535	531	522	517	515	507	504	501	496	494	490	484	482	479	476	471	466	466	465	462	460	456	451	451	451	448	444	445	443	441	440	
419	419	417	417	416	416	420	419	467	691	861	863	864	861	846	846	838	830	819	802	787	772	765	762	750	740	725	708	698	686	678	664	651	641	633	624	616	603	598	584	577	576	572	562	554	552	545	541	538	531	523	518	513	514	517	508	505	501	495	490	485	484	485	478	477	473	470	468	466	462	459	463	462	463	461	455	453	453	447	449	445	443	444	441	445	
414	414	416	416	415	417	419	447	477	479	471	469	470	467	465	467	462	461	461	453	456	455	452	453	450	446	446	444	442	
416	415	412	414	412	410	412	414	505	833	1031	1002	993	993	984	973	955	931	912	893	874	857	843	820	804	793	777	762	748	731	718	705	694	685	670	660	652	639	629	620	609	602	596	588	580	573	565	562	555	546	542	537	532	528	522	514	510	504	501	501	494	486	486	480	478	474	474	472	471	466	467	462	462	461	455	451	454	455	456	448	448	448	444	443	
414	413	415	413	415	415	417	421	464	510	510	507	512	512	512	512	504	499	500	491	490	491	483	482	479	478	480	472	470	472	469	466	461	460	461	455	454	452	450	449	448	444	446	441	441	
417	416	412	413	413	416	416	431	618	868	903	890	906	896	886	873	856	838	819	804	797	785	765	748	734	730	715	704	691	677	664	653	643	633	622	615	606	599	589	582	577	569	563	558	551	546	540	535	527	523	515	510	510	510	506	497	496	498	491	485	483	478	477	473	473	469	467	462	463	457	459	454	451	450	446	449	447	444	442	447	441	
414	418	417	418	415	412	413	433	520	617	620	610	619	607	599	598	593	584	580	576	572	568	555	553	546	539	535	527	522	518	513	510	507	506	498	494	488	484	482	478	478	473	472	473	467	465	468	461	457	457	457	454	451	451	449	446	446	448	
416	415	415	415	412	412	414	425	505	641	668	653	652	641	635	629	623	619	613	616	618	610	607	599	595	589	580	576	574	566	558	553	546	539	533	527	523	517	512	509	506	500	499	493	490	486	485	480	477	477	473	468	466	466	464	463	460	457	457	450	448	448	449	447	448	445	440	
415	411	417	410	413	415	416	447	534	574	559	560	559	551	546	538	537	536	529	523	518	514	510	506	501	500	495	491	489	485	480	481	475	474	474	472	469	468	465	464	465	460	459	454	454	453	452	453	449	446	447	448	445	
414	414	413	414	411	411	414	428	493	554	554	553	554	553	548	542	539	537	531	522	521	513	510	509	503	497	498	491	486	485	482	480	475	472	474	470	469	466	463	459	458	453	456	452	449	449	447	446	448	443	441	
416	413	418	413	417	413	414	456	771	1201	1266	1229	1232	1203	1179	1161	1141	1121	1097	1067	1042	1014	987	962	944	919	902	877	857	841	825	810	793	774	760	745	732	719	708	694	681	670	662	653	640	629	619	613	603	592	587	579	570	563	559	552	546	538	536	532	533	529	521	517	514	509	506	502	497	492	487	484	484	478	478	472	470	466	462	461	459	456	452	452	451	449	448	447	444	444	442	
414	413	413	415	415	416	416	417	462	512	528	532	532	527	525	517	515	513	512	510	500	497	495	493	485	484	481	477	478	468	469	468	463	463	458	456	457	454	451	452	447	446	447	445	443	
417	414	414	415	413	415	415	417	463	563	599	588	586	580	584	584	575	568	560	557	549	541	540	534	529	527	517	514	511	505	502	496	496	492	488	483	480	476	473	472	469	465	462	460	463	457	456	457	453	452	450	448	447	447	441	
417	417	419	418	416	416	415	431	659	1191	1390	1340	1373	1362	1336	1315	1278	1253	1228	1198	1173	1151	1124	1094	1066	1040	1015	986	965	941	916	897	875	855	837	814	799	781	764	749	737	723	708	698	686	679	674	672	662	648	638	629	621	613	602	592	584	577	570	561	555	553	548	543	538	530	528	521	516	516	511	504	500	494	494	488	486	482	482	475	475	470	468	470	466	465	461	461	457	454	453	450	449	448	448	444	448	446	
417	415	416	415	415	413	414	441	577	720	721	713	713	702	693	684	670	663	656	649	638	629	620	612	602	594	586	577	574	571	561	556	550	545	538	533	527	522	518	512	511	506	501	499	495	493	489	488	485	479	472	475	475	470	466	465	465	461	460	457	455	452	452	449	449	447	445	445	443	
412	414	413	410	410	413	417	447	527	572	580	588	578	575	577	569	562	560	552	544	541	534	532	531	521	517	515	510	505	497	497	494	488	483	484	476	476	475	469	468	465	463	462	457	456	453	456	453	449	448	447	443	444	
412	414	416	414	411	413	418	447	473	475	479	474	472	474	467	466	465	465	464	459	461	463	458	459	456	453	455	457	448	452	450	446	445	444	
416	417	418	416	419	421	417	430	510	580	591	590	583	576	573	565	560	549	550	544	533	532	530	526	523	518	512	509	508	504	502	497	493	492	488	484	481	474	474	471	471	472	466	463	460	457	459	459	456	455	450	447	451	448	446	445	443	445	
413	413	414	412	415	411	412	436	481	491	492	497	495	492	489	488	484	483	479	477	473	472	468	470	471	465	467	461	456	457	459	453	455	449	449	450	446	444	441	440	443	
413	414	415	416	418	422	422	449	474	474	473	473	470	467	467	465	465	461	461	461	454	454	453	455	449	450	449	444	445	446	
419	418	418	416	417	419	417	435	756	1501	1771	1690	1723	1707	1666	1632	1586	1553	1510	1466	1425	1384	1346	1313	1282	1252	1220	1185	1152	1124	1094	1066	1036	1009	988	964	952	940	920	903	882	862	851	830	811	794	776	761	749	730	724	707	696	684	668	661	653	637	625	620	608	605	597	589	588	578	572	566	557	552	549	541	539	532	527	521	514	512	509	501	497	495	493	491	488	485	481	475	477	473	468	469	468	463	458	456	456	455	449	451	450	445	446	444	442	
416	414	416	416	413	414	418	442	512	538	526	530	531	530	530	531	528	523	521	516	511	507	504	499	493	491	487	485	481	476	476	474	468	469	467	466	463	461	458	453	452	450	450	448	450	446	448	441	443	
415	413	414	413	412	414	417	448	474	468	465	467	465	467	459	459	457	456	455	454	448	450	448	441	443	441	
415	418	414	416	417	416	416	429	742	1567	1922	1861	1904	1884	1836	1804	1748	1709	1675	1644	1603	1553	1505	1459	1413	1373	1332	1295	1264	1231	1199	1167	1141	1113	1085	1056	1028	1009	986	963	945	922	900	881	861	841	829	810	790	775	757	744	729	718	714	703	690	683	671	660	653	638	626	616	606	605	596	590	584	576	569	563	553	545	542	537	531	525	520	514	512	505	504	496	496	487	485	485	475	472	470	470	470	470	466	461	461	456	456	452	452	450	446	442	445	443	444	
416	419	417	418	417	418	420	440	464	465	462	458	461	459	457	459	456	454	453	455	455	449	446	447	448	446	
412	416	413	414	415	413	414	433	483	500	493	497	493	490	493	491	489	482	481	478	478	472	468	466	464	463	461	461	458	454	456	453	450	451	449	452	449	449	448	
415	413	413	412	413	414	415	417	472	749	983	964	952	953	935	934	922	903	883	864	854	836	816	802	789	781	760	743	733	720	706	692	680	669	656	644	633	627	620	613	605	594	583	574	571	562	556	546	541	537	530	530	528	521	519	514	510	507	500	497	497	492	491	486	481	479	476	474	474	469	469	468	463	459	457	453	456	453	447	449	446	444	446	443	
417	412	416	417	417	417	416	444	495	513	514	513	512	512	511	509	507	501	495	491	489	484	482	481	479	475	469	469	465	462	466	460	457	456	460	459	456	458	459	459	453	448	449	446	445	444	442	439	439	437	
420	418	418	421	421	421	424	445	460	453	448	449	448	448	445	444	443	443	443	
417	415	411	417	413	411	414	412	465	815	1225	1264	1247	1263	1240	1220	1197	1173	1143	1117	1098	1072	1046	1021	994	969	941	922	901	876	858	841	822	802	780	768	753	737	726	711	698	684	674	664	653	642	633	620	610	605	594	584	580	573	567	559	550	546	541	535	526	521	519	516	511	505	500	499	493	493	486	480	476	475	476	473	466	465	464	461	462	456	452	453	448	446	447	443	444	444	442	
416	413	417	415	416	420	417	417	553	1401	2310	2344	2294	2322	2257	2211	2155	2083	2029	1968	1910	1843	1786	1724	1668	1616	1565	1516	1467	1421	1377	1334	1303	1267	1233	1198	1164	1131	1098	1068	1047	1025	994	970	944	923	897	881	867	847	830	809	793	775	757	742	728	712	702	690	675	666	655	640	634	621	613	606	596	595	589	581	579	574	569	563	559	553	547	540	534	536	528	524	519	513	511	502	497	497	493	488	484	479	478	476	473	467	466	460	464	463	462	463	457	454	454	449	450	450	446	445	444	443	
426	425	427	428	432	442	449	454	459	456	455	457	454	451	448	449	447	445	444	
412	414	411	413	416	412	412	424	474	509	508	507	506	503	503	501	499	497	492	491	492	493	485	482	482	480	474	476	474	471	468	465	463	463	457	456	452	453	451	448	450	448	443	449	
414	414	414	416	413	414	418	431	483	517	515	512	512	504	503	501	497	495	487	482	483	476	478	473	470	472	469	466	468	458	459	457	450	452	451	448	449	445	446	448	442	
416	412	414	416	413	415	416	421	477	578	604	600	601	595	586	579	572	569	567	564	554	549	545	535	533	526	525	519	512	508	502	498	494	490	490	488	483	484	477	475	472	468	469	471	469	464	462	460	458	458	454	450	450	451	446	446	447	443	445	441	
423	422	416	416	417	414	421	445	465	469	472	479	474	474	475	470	468	465	465	464	462	462	462	458	457	453	452	453	452	448	447	451	445	444	
413	411	417	415	415	418	415	445	477	478	478	478	477	474	472	470	470	467	462	462	460	462	454	453	453	449	448	449	447	450	446	443	
417	413	414	414	413	413	413	416	553	1317	2077	2120	2092	2092	2033	1996	1936	1886	1833	1774	1731	1678	1636	1596	1549	1501	1458	1412	1374	1336	1306	1277	1239	1201	1173	1140	1106	1077	1050	1025	999	972	945	918	897	876	853	835	820	800	782	770	754	742	728	717	706	692	684	678	660	649	637	629	620	605	600	593	584	582	577	571	566	557	553	547	540	534	530	527	525	515	513	512	506	505	499	498	491	491	490	483	480	476	474	470	468	464	462	458	454	452	452	449	450	445	443	443	445	439	
413	416	416	413	414	411	410	419	513	668	706	683	683	673	660	653	654	650	636	627	615	609	598	592	587	578	573	565	557	549	548	540	534	534	531	522	517	510	508	505	507	502	500	492	489	486	485	478	477	475	473	469	471	464	462	464	461	459	459	453	452	450	448	446	446	449	447	440	442	
421	416	422	420	419	419	420	427	477	552	575	568	567	568	559	556	549	545	540	533	528	527	522	517	514	512	506	502	501	492	495	491	488	484	484	481	478	474	475	468	466	465	462	460	462	461	454	454	453	452	449	448	449	449	446	443	
413	413	413	417	413	410	411	418	496	606	618	609	615	609	601	591	585	586	576	574	567	561	561	556	547	545	540	534	533	527	524	520	515	513	511	504	501	499	497	493	489	481	480	479	473	473	471	468	466	461	460	457	455	455	451	451	450	448	442	444	445	
414	418	416	413	411	413	412	426	462	489	485	490	495	489	486	488	485	481	482	476	476	473	468	466	463	460	460	461	461	463	460	457	457	456	452	452	451	448	448	447	445	
417	416	419	418	421	422	423	431	660	1500	2047	1968	1943	1942	1902	1867	1821	1787	1750	1702	1663	1627	1577	1528	1479	1435	1394	1360	1328	1286	1251	1216	1185	1157	1128	1098	1075	1050	1024	993	964	943	928	908	885	864	847	828	809	791	781	764	743	729	720	705	691	679	673	664	656	646	636	626	615	609	599	592	583	575	566	563	557	554	544	538	540	535	533	530	528	521	516	513	505	502	498	494	491	487	484	480	475	473	473	472	473	469	467	463	461	459	458	450	453	448	442	446	445	448	445	443	442	
418	417	421	418	419	421	420	418	478	754	996	992	995	1008	989	987	970	940	928	906	885	865	845	827	809	790	777	761	745	728	719	705	690	682	670	658	656	644	637	629	617	609	601	590	588	578	570	563	557	551	545	539	534	522	522	516	511	507	506	504	500	497	498	497	494	491	488	490	495	493	488	486	484	484	476	476	477	471	471	468	460	463	458	456	458	449	450	451	446	445	448	446	442	
413	412	411	415	418	414	414	439	584	705	704	706	703	697	690	676	667	658	653	649	639	632	627	620	613	604	598	594	585	581	573	564	559	550	542	539	532	530	524	518	512	511	504	502	499	496	491	486	481	481	475	472	472	467	467	466	461	462	457	455	455	449	447	448	445	446	445	442	
413	415	412	414	412	411	422	457	491	490	490	493	489	485	483	478	473	472	471	466	466	464	461	458	466	465	463	461	456	453	453	453	452	453	447	448	446	445	
413	418	413	413	414	412	418	415	470	1088	2166	2423	2319	2352	2305	2257	2209	2146	2095	2035	1979	1923	1858	1803	1752	1704	1664	1616	1563	1515	1473	1430	1389	1346	1307	1273	1237	1202	1166	1136	1108	1082	1050	1031	1005	977	957	932	908	887	864	842	822	805	787	771	754	741	727	715	702	688	674	661	654	644	629	620	610	604	600	594	587	573	568	564	558	554	548	540	539	534	528	522	516	513	507	508	503	496	492	487	488	487	486	482	474	476	474	469	466	465	463	458	457	456	454	450	448	449	449	446	445	441	
421	418	418	421	417	416	419	427	658	1461	1957	1877	1887	1881	1827	1814	1773	1725	1681	1631	1587	1538	1496	1458	1416	1370	1339	1304	1264	1233	1202	1170	1136	1104	1073	1045	1021	1001	975	955	931	908	889	866	849	827	807	792	772	757	742	727	715	702	688	679	670	655	644	639	629	620	609	599	595	581	574	568	561	551	548	540	534	529	522	518	515	508	508	505	505	501	497	493	490	485	482	482	476	472	471	468	468	466	467	463	454	455	453	451	449	448	442	443	442	443	
417	417	415	418	417	419	416	429	517	617	628	617	615	609	604	594	587	582	574	573	568	558	550	544	538	533	526	523	520	517	513	511	507	502	500	491	488	488	481	480	477	475	474	466	469	465	457	462	457	457	456	452	451	449	446	445	446	438	
413	414	416	416	413	416	414	430	473	487	481	485	483	477	481	478	480	473	472	472	467	467	466	461	459	456	451	452	452	450	450	446	444	445	443	
411	411	412	414	419	419	424	448	461	458	458	461	461	461	461	458	452	452	454	451	448	448	445	447	447	441	
414	415	415	409	415	416	408	420	594	1431	2155	2139	2108	2129	2090	2051	1993	1942	1894	1838	1778	1728	1679	1636	1591	1549	1517	1477	1434	1396	1347	1310	1276	1242	1206	1174	1135	1107	1076	1048	1019	994	974	953	930	910	886	868	849	831	815	795	778	765	746	734	719	707	698	686	674	663	654	648	637	628	621	610	601	590	583	577	571	563	555	545	540	536	532	530	523	516	512	513	502	498	498	494	493	489	483	479	479	475	474	473	470	474	473	470	469	462	461	465	467	465	462	459	462	457	458	461	459	455	451	450	451	447	445	447	449	447	443	
413	410	414	411	413	413	413	426	641	1217	1502	1436	1429	1410	1378	1358	1319	1286	1260	1232	1207	1179	1152	1124	1097	1070	1044	1017	996	978	955	932	909	889	866	844	833	817	802	789	769	753	740	728	716	703	688	678	666	652	641	633	623	615	602	592	585	578	575	566	558	552	548	544	534	527	523	521	514	515	512	508	503	499	494	484	484	482	482	476	475	471	466	463	461	464	461	457	456	452	455	453	451	449	451	449	448	
418	416	414	412	416	415	414	438	606	814	830	808	821	815	814	804	787	774	756	743	731	718	706	698	684	682	670	659	653	639	628	620	610	607	600	591	581	576	565	560	555	549	540	538	530	525	520	517	510	506	504	497	493	491	485	487	482	476	474	471	468	466	462	462	461	457	455	455	452	449	451	456	454	450	449	
414	417	416	417	416	419	418	417	487	734	881	869	879	875	858	846	831	816	802	790	778	764	746	735	719	705	695	681	668	661	646	638	632	620	611	602	594	588	580	578	568	562	560	551	541	537	534	531	525	518	517	511	505	503	496	496	491	488	485	476	476	476	473	468	467	463	463	461	457	455	455	451	451	448	446	446	444	445	
416	410	413	416	417	416	414	417	541	936	1192	1180	1176	1163	1144	1133	1108	1085	1061	1036	1014	990	969	947	922	903	893	866	850	841	823	810	799	786	769	755	741	728	713	699	693	677	669	656	647	638	628	617	609	602	590	589	578	567	566	554	550	546	536	532	526	522	516	512	507	503	499	497	492	489	484	479	481	480	476	473	471	471	468	462	459	456	455	456	456	459	454	449	452	448	445	446	446	444	441	437	
415	415	418	418	416	418	421	419	528	942	1240	1217	1206	1214	1189	1170	1156	1138	1116	1092	1066	1040	1016	990	969	948	929	911	889	867	854	839	814	801	785	769	758	745	730	720	707	700	692	678	670	658	648	640	632	619	610	603	594	586	580	575	564	555	549	540	537	533	524	519	518	514	510	502	500	493	489	493	488	481	483	480	474	472	471	471	464	465	460	462	465	462	460	458	453	453	449	449	447	446	445	446	443	441	
413	416	412	416	416	414	414	438	979	2547	3357	3210	3224	3189	3089	3020	2918	2841	2767	2670	2581	2495	2416	2332	2253	2176	2108	2041	1975	1908	1843	1780	1724	1665	1610	1562	1507	1463	1421	1374	1334	1298	1256	1225	1190	1161	1132	1104	1072	1042	1012	988	963	944	927	907	884	860	841	820	805	792	773	757	745	728	719	706	692	680	668	664	655	642	634	623	610	604	599	592	584	574	565	558	551	547	547	540	536	531	526	524	520	515	511	508	502	498	495	491	485	484	485	481	476	473	471	466	468	467	466	468	466	461	465	456	458	458	452	450	449	446	446	438	435	
413	415	415	415	414	413	413	429	501	556	557	561	561	553	549	542	540	536	527	526	521	516	511	506	504	502	499	493	489	489	484	483	478	477	474	470	468	467	461	459	462	456	455	454	449	450	450	448	445	443	443	
413	415	416	413	415	416	411	427	500	581	592	595	592	586	584	579	575	569	557	555	548	544	540	535	536	529	525	520	517	513	510	505	499	496	493	489	485	480	477	477	473	474	470	464	467	462	461	462	454	456	455	453	449	449	447	446	447	444	
417	412	415	414	414	412	418	439	461	465	468	466	464	462	463	459	458	458	456	459	452	454	452	449	447	446	446	446	445	441	
418	417	419	418	418	417	416	431	476	512	518	520	521	518	513	509	503	500	499	496	488	488	490	489	485	487	485	480	481	481	475	473	471	467	467	469	464	464	461	460	460	461	460	455	451	451	451	445	446	446	447	444	443	
415	415	416	418	416	416	417	443	618	814	845	845	851	836	826	816	806	796	779	762	755	738	727	715	703	691	679	673	666	658	645	633	627	622	613	602	595	584	583	578	573	566	557	550	545	538	534	526	523	518	512	515	510	502	499	497	494	490	488	481	477	475	473	473	468	468	464	465	465	461	460	457	457	456	457	454	455	449	450	446	446	
412	417	416	417	415	413	414	438	830	1627	1866	1812	1836	1803	1769	1733	1687	1652	1613	1565	1519	1473	1434	1396	1355	1315	1281	1252	1222	1192	1164	1136	1113	1085	1055	1022	994	974	950	925	904	881	863	847	825	805	790	771	758	741	727	714	702	689	683	671	666	655	641	629	622	614	610	598	588	580	574	565	559	550	544	537	534	528	525	514	514	515	509	500	497	496	489	487	484	480	477	481	473	469	469	462	464	461	457	459	452	449	453	444	445	447	442	440	438	437	
417	414	415	416	411	415	418	454	771	1213	1280	1242	1262	1238	1215	1190	1158	1130	1105	1084	1057	1032	1012	988	963	938	921	896	875	857	839	824	804	789	770	753	740	724	712	700	684	676	667	652	640	632	622	615	604	594	588	581	573	567	559	553	546	541	540	534	531	531	522	517	516	514	510	505	501	500	492	489	484	483	481	477	473	471	470	467	465	462	463	456	454	453	454	456	453	452	452	449	449	
416	414	417	413	412	415	412	434	621	862	878	856	865	854	852	846	833	817	801	789	773	754	744	729	716	707	696	684	671	662	652	639	629	623	610	605	601	592	584	576	570	570	567	556	555	548	540	537	533	529	524	521	510	509	504	500	495	487	490	487	481	477	473	471	471	467	463	464	460	460	457	456	455	448	450	449	447	444	446	443	
421	420	423	420	421	421	422	421	512	773	902	873	871	866	851	837	827	809	795	781	768	756	743	730	714	703	688	676	667	654	644	633	621	615	608	597	588	577	573	571	558	552	545	541	542	535	529	529	524	519	516	509	506	506	502	495	495	490	485	485	479	478	477	473	469	472	469	464	467	464	462	458	456	455	450	451	449	446	446	445	441	443	
417	416	418	416	415	415	412	416	539	1278	2057	2085	2039	2050	1996	1959	1915	1866	1821	1771	1722	1670	1619	1572	1525	1477	1430	1388	1345	1310	1272	1242	1212	1175	1149	1122	1090	1060	1037	1010	985	966	939	912	893	871	853	833	811	794	776	766	756	740	724	711	697	688	680	669	658	656	651	641	629	616	610	602	593	584	577	573	571	570	566	553	548	544	538	530	527	526	522	516	513	503	502	500	497	493	490	486	482	477	474	473	473	472	468	465	465	460	462	457	456	454	454	446	446	445	446	442	434	
417	420	418	414	415	419	416	418	606	1602	2504	2445	2394	2413	2340	2296	2231	2166	2110	2048	1989	1928	1864	1808	1754	1703	1651	1597	1545	1501	1456	1409	1369	1333	1301	1262	1225	1189	1158	1128	1097	1069	1045	1025	1006	983	956	930	909	888	868	846	827	810	793	780	765	749	740	723	713	700	687	673	664	652	641	631	628	622	609	601	593	586	579	569	562	557	551	546	540	537	528	529	516	513	508	501	500	496	492	487	485	481	479	475	475	478	478	472	471	464	468	461	456	456	451	450	450	447	448	445	445	442	
418	421	414	417	417	416	416	421	605	1264	1701	1669	1662	1673	1642	1614	1579	1539	1495	1459	1418	1376	1340	1298	1260	1221	1187	1161	1126	1099	1070	1040	1015	987	964	944	919	897	877	860	839	821	801	787	769	757	751	734	723	705	694	680	665	658	647	638	628	616	606	601	590	587	580	571	563	557	554	551	538	537	533	525	523	515	511	506	503	504	498	494	493	489	486	482	479	478	473	472	471	468	464	460	459	456	454	452	450	452	453	448	448	453	452	
416	415	417	415	417	413	415	443	522	562	558	567	567	560	559	553	550	547	544	541	536	531	527	517	516	512	506	504	502	496	494	486	486	484	477	478	476	470	467	467	462	462	456	456	458	454	452	449	448	446	444	443	
414	415	414	414	413	415	417	452	564	638	628	627	625	620	614	604	605	598	585	584	580	570	565	562	554	546	538	535	531	523	518	514	513	507	502	498	494	494	488	487	480	478	474	470	468	470	466	464	462	457	456	455	453	450	449	448	449	446	444	
412	413	411	409	413	411	412	430	872	2181	2828	2696	2723	2692	2632	2587	2511	2456	2414	2346	2282	2214	2136	2069	2004	1943	1880	1816	1759	1713	1670	1618	1562	1517	1468	1421	1380	1337	1298	1263	1224	1190	1160	1128	1099	1069	1036	1013	990	963	937	913	894	873	852	834	815	798	786	768	751	735	721	709	691	678	671	656	653	646	637	626	617	611	606	595	584	575	572	565	567	566	558	553	547	540	534	529	523	516	512	508	505	499	493	488	484	482	478	472	472	470	464	463	459	457	455	453	450	447	442	443	439	437	440	
411	418	416	411	414	417	418	449	530	564	559	566	565	568	565	561	556	552	545	541	536	534	529	524	525	517	512	515	506	501	498	495	495	489	482	481	478	472	472	469	470	468	466	462	458	459	457	452	450	451	451	448	446	446	444	442	
413	413	414	413	410	415	413	416	474	632	714	706	710	710	703	697	690	683	677	667	660	648	644	630	625	621	615	613	604	592	588	586	576	569	561	551	547	539	533	531	524	521	517	513	510	506	502	498	494	497	494	489	488	482	483	482	473	470	472	467	466	465	458	459	455	451	452	448	448	446	447	444	446	442	
415	416	414	414	414	412	415	425	522	686	726	709	709	703	692	684	674	665	653	640	632	623	612	606	597	590	583	576	568	560	559	553	546	545	540	535	531	525	521	514	509	505	501	495	493	493	485	480	481	475	472	471	468	467	462	461	458	460	457	453	450	449	449	449	447	445	444	446	
449	449	449	446	446	453	457	457	459	459	453	452	461	456	459	456	453	455	452	450	456	451	453	457	448	
